Sortowanie przez scalanie
1.92274 16.5665 25.8121 138.417 213.642 
1.32113 11.3243 18.7008 98.4763 182.463 
1.1166 9.86564 16.7161 85.3828 161.155 
0.990331 5.59673 13.4855 66.5959 137.547 
0.741921 4.99996 10.3819 57.0601 117.997 
0.708196 4.56078 10.4175 57.2003 116.592 
0.783015 4.7334 9.8847 57.2154 116.074 
0.94081 4.72125 10.1067 57.6822 117.883 

Sortowanie szybkie
1.33056 7.86845 16.1939 89.9144 175.692 
1.42591 7.96162 15.9375 85.1159 171.092 
3.0127 13.3414 63.7989 269.62 750.364 
0.888174 5.90079 12.2739 65.552 130.75 
0.903707 4.4962 10.5801 54.7583 106.881 
0.600867 3.66083 8.44888 46.3369 91.2343 
0.602631 3.55061 7.78569 46.2721 85.5638 
0.377039 2.16323 5.31168 32.7554 68.8775 

Sortowanie introspektywne
1.26469 6.97778 14.4454 81.5562 161.718 
1.19487 6.72724 15.1722 76.9741 157.887 
1.76213 17.7923 18.6268 89.8918 318.426 
0.980615 6.11432 11.3555 57.1028 112.992 
0.599579 4.04798 8.6336 45.0477 89.5952 
0.572998 3.0433 6.41047 36.2631 72.4244 
0.458972 2.92733 6.29327 32.0025 65.3217 
0.265668 1.98115 3.93577 22.976 51.1732 

